0 0 11
10 11 22
20 22 33
30 33 44
40 44 55
50 55 66
60 66 77
70 77 88
80 88 99
90 99 110
100 110 121
110 121 132
120 132 143
130 143 154
140 154 165
150 165 176
160 176 187
170 187 198
180 198 209
190 209 220
190 220 221
191 221 222
192 222 223
193 223 224
194 224 225
195 225 226
196 226 227
197 227 228
198 228 229
199 229 230
199 230 219
189 219 208
179 208 197
169 197 186
159 186 175
149 175 164
139 164 153
129 153 142
119 142 131
109 131 120
99 120 109
89 109 98
79 98 87
69 87 76
59 76 65
49 65 54
39 54 43
29 43 32
19 32 21
9 21 10
9 10 9
8 9 8
7 8 7
6 7 6
5 6 5
4 5 4
3 4 3
2 3 2
1 2 1
0 1 0
