0.0 0.0
0.0 0.9999999999999998
0.0 2.0
0.0 3.0
0.0 4.0
0.0 5.0
0.0 6.0
0.0 7.0
0.0 8.0
0.0 9.0
0.0 10.0
0.9999999999999998 0.0
0.9999999999999998 0.9999999999999997
0.9999999999999998 2.0
0.9999999999999997 2.9999999999999996
0.9999999999999998 4.0
0.9999999999999998 5.0
0.9999999999999998 5.999999999999999
0.9999999999999998 6.999999999999999
0.9999999999999998 8.0
0.9999999999999998 9.0
0.9999999999999998 10.0
1.9999999999999996 0.0
1.9999999999999996 0.9999999999999998
1.9999999999999996 2.0
1.9999999999999993 3.0
1.9999999999999996 4.0
1.9999999999999996 5.0
1.9999999999999996 6.0
1.9999999999999996 7.0
1.9999999999999996 8.0
1.9999999999999996 9.000000000000002
1.9999999999999996 10.0
3.0000000000000004 0.0
3.0000000000000004 0.9999999999999998
3.0000000000000004 2.0
3.0 3.0
3.0000000000000004 4.0
3.0000000000000004 5.0
3.0000000000000004 6.0
3.0000000000000004 6.999999999999999
3.0000000000000004 8.0
3.0000000000000004 9.0
3.0000000000000004 10.0
4.0 0.0
4.0 0.9999999999999998
4.000000000000001 2.0000000000000004
4.0 3.0
4.0 4.000000000000001
4.0 5.0
4.0 6.0
4.0 7.0
4.0 8.000000000000002
4.0 9.000000000000002
4.0 10.0
5.0 0.0
5.0 0.9999999999999998
5.0 2.0
5.0 3.0
5.0 4.0
5.0 5.0
5.0 6.0
5.0 6.999999999999999
5.0 8.0
5.0 9.0
5.0 10.0
6.0 0.0
6.0 0.9999999999999997
6.0 2.0
6.0 3.0
6.0 4.0
6.0 5.0
6.0 6.0
6.0 7.0
6.0 8.0
6.0 9.0
6.0 10.0
7.0 0.0
7.0 0.9999999999999998
7.0 2.0
7.0 3.0
7.0 4.0
7.0 5.0
7.0 6.0
7.0 7.0
6.999999999999999 8.0
7.0 9.0
7.0 10.0
8.0 0.0
8.0 0.9999999999999998
8.000000000000002 2.0
8.0 3.0
8.0 4.0
8.0 5.0
8.0 6.0
8.0 7.0
8.0 8.0
8.0 9.0
8.0 10.0
9.0 0.0
9.000000000000002 0.9999999999999998
9.000000000000002 2.0
9.0 3.0
9.0 4.0
9.0 5.0
9.0 6.0
9.0 7.0
9.0 8.0
9.000000000000002 9.0
9.0 10.0
10.0 0.0
10.0 0.9999999999999998
10.0 2.0
10.0 3.0
10.0 4.0
10.0 5.0
10.0 6.0
10.0 7.0
10.0 8.0
10.0 9.0
10.0 10.0
11.0 0.0
11.0 0.9999999999999998
11.0 2.0
11.0 3.0
11.0 4.0
11.0 5.0
11.0 6.0
11.0 7.0
11.0 8.0
11.0 9.0
11.0 10.0
12.0 0.0
12.0 0.9999999999999998
12.0 2.0
12.0 3.0
12.0 4.0
12.0 5.0
12.0 6.0
12.0 7.0
12.0 8.0
12.0 9.0
12.0 10.0
13.0 0.0
13.0 0.9999999999999998
13.0 2.0
13.0 3.0
13.0 4.0
13.0 5.0
13.0 6.0
13.0 7.0
13.0 8.0
13.0 9.0
13.0 10.0
14.0 0.0
14.0 0.9999999999999998
14.0 2.0
14.0 3.0
14.0 4.0
14.0 5.0
14.0 6.0
14.0 7.0
13.999999999999998 8.0
14.0 9.0
14.0 10.0
15.0 0.0
15.0 0.9999999999999998
15.000000000000002 2.0
14.999999999999998 3.0
15.0 4.0
15.0 5.0
15.0 6.0
15.0 6.999999999999999
15.0 8.0
15.0 9.0
15.0 10.0
16.0 0.0
16.0 0.9999999999999998
16.000000000000004 2.0
16.0 3.0
16.0 4.0
16.0 5.0
16.0 6.0
16.0 6.999999999999999
16.0 8.0
16.0 9.0
16.0 10.0
17.0 0.0
17.0 0.9999999999999998
17.0 2.0
17.0 3.0
17.0 4.0
17.0 5.0
17.0 6.0
17.0 6.999999999999999
17.0 8.0
17.0 9.0
17.0 10.0
18.0 0.0
18.000000000000004 0.9999999999999998
18.000000000000004 2.0
18.0 3.0
18.0 4.0
18.0 5.0
18.0 6.0
18.0 7.0
18.0 8.0
18.000000000000004 9.000000000000002
18.0 10.0
19.0 0.0
19.0 0.9999999999999998
19.0 2.0
19.0 3.0
19.0 4.0
19.0 5.0
19.0 6.0
19.0 7.0
19.0 8.0
19.0 9.000000000000002
19.0 10.0
20.0 0.0
20.0 0.9999999999999998
20.0 2.0
20.0 3.0
20.0 4.0
20.0 5.0
20.0 6.0
20.0 7.0
20.0 8.0
20.0 9.0
20.0 10.0
