0 1 11 12 -1 -1 -1 -1 -1 4
0 1 2 11 12 13 -1 -1 -1 6
1 2 3 12 13 14 -1 -1 -1 6
2 3 4 13 14 15 -1 -1 -1 6
3 4 5 14 15 16 -1 -1 -1 6
4 5 6 15 16 17 -1 -1 -1 6
5 6 7 16 17 18 -1 -1 -1 6
6 7 8 17 18 19 -1 -1 -1 6
7 8 9 18 19 20 -1 -1 -1 6
8 9 10 19 20 21 -1 -1 -1 6
9 10 20 21 -1 -1 -1 -1 -1 4
0 1 11 12 22 23 -1 -1 -1 6
0 1 2 11 12 13 22 23 24 9
1 2 3 12 13 14 23 24 25 9
2 3 4 13 14 15 24 25 26 9
3 4 5 14 15 16 25 26 27 9
4 5 6 15 16 17 26 27 28 9
5 6 7 16 17 18 27 28 29 9
6 7 8 17 18 19 28 29 30 9
7 8 9 18 19 20 29 30 31 9
8 9 10 19 20 21 30 31 32 9
9 10 20 21 31 32 -1 -1 -1 6
11 12 22 23 33 34 -1 -1 -1 6
11 12 13 22 23 24 33 34 35 9
12 13 14 23 24 25 34 35 36 9
13 14 15 24 25 26 35 36 37 9
14 15 16 25 26 27 36 37 38 9
15 16 17 26 27 28 37 38 39 9
16 17 18 27 28 29 38 39 40 9
17 18 19 28 29 30 39 40 41 9
18 19 20 29 30 31 40 41 42 9
19 20 21 30 31 32 41 42 43 9
20 21 31 32 42 43 -1 -1 -1 6
22 23 33 34 44 45 -1 -1 -1 6
22 23 24 33 34 35 44 45 46 9
23 24 25 34 35 36 45 46 47 9
24 25 26 35 36 37 46 47 48 9
25 26 27 36 37 38 47 48 49 9
26 27 28 37 38 39 48 49 50 9
27 28 29 38 39 40 49 50 51 9
28 29 30 39 40 41 50 51 52 9
29 30 31 40 41 42 51 52 53 9
30 31 32 41 42 43 52 53 54 9
31 32 42 43 53 54 -1 -1 -1 6
33 34 44 45 55 56 -1 -1 -1 6
33 34 35 44 45 46 55 56 57 9
34 35 36 45 46 47 56 57 58 9
35 36 37 46 47 48 57 58 59 9
36 37 38 47 48 49 58 59 60 9
37 38 39 48 49 50 59 60 61 9
38 39 40 49 50 51 60 61 62 9
39 40 41 50 51 52 61 62 63 9
40 41 42 51 52 53 62 63 64 9
41 42 43 52 53 54 63 64 65 9
42 43 53 54 64 65 -1 -1 -1 6
44 45 55 56 66 67 -1 -1 -1 6
44 45 46 55 56 57 66 67 68 9
45 46 47 56 57 58 67 68 69 9
46 47 48 57 58 59 68 69 70 9
47 48 49 58 59 60 69 70 71 9
48 49 50 59 60 61 70 71 72 9
49 50 51 60 61 62 71 72 73 9
50 51 52 61 62 63 72 73 74 9
51 52 53 62 63 64 73 74 75 9
52 53 54 63 64 65 74 75 76 9
53 54 64 65 75 76 -1 -1 -1 6
55 56 66 67 77 78 -1 -1 -1 6
55 56 57 66 67 68 77 78 79 9
56 57 58 67 68 69 78 79 80 9
57 58 59 68 69 70 79 80 81 9
58 59 60 69 70 71 80 81 82 9
59 60 61 70 71 72 81 82 83 9
60 61 62 71 72 73 82 83 84 9
61 62 63 72 73 74 83 84 85 9
62 63 64 73 74 75 84 85 86 9
63 64 65 74 75 76 85 86 87 9
64 65 75 76 86 87 -1 -1 -1 6
66 67 77 78 88 89 -1 -1 -1 6
66 67 68 77 78 79 88 89 90 9
67 68 69 78 79 80 89 90 91 9
68 69 70 79 80 81 90 91 92 9
69 70 71 80 81 82 91 92 93 9
70 71 72 81 82 83 92 93 94 9
71 72 73 82 83 84 93 94 95 9
72 73 74 83 84 85 94 95 96 9
73 74 75 84 85 86 95 96 97 9
74 75 76 85 86 87 96 97 98 9
75 76 86 87 97 98 -1 -1 -1 6
77 78 88 89 99 100 -1 -1 -1 6
77 78 79 88 89 90 99 100 101 9
78 79 80 89 90 91 100 101 102 9
79 80 81 90 91 92 101 102 103 9
80 81 82 91 92 93 102 103 104 9
81 82 83 92 93 94 103 104 105 9
82 83 84 93 94 95 104 105 106 9
83 84 85 94 95 96 105 106 107 9
84 85 86 95 96 97 106 107 108 9
85 86 87 96 97 98 107 108 109 9
86 87 97 98 108 109 -1 -1 -1 6
88 89 99 100 110 111 -1 -1 -1 6
88 89 90 99 100 101 110 111 112 9
89 90 91 100 101 102 111 112 113 9
90 91 92 101 102 103 112 113 114 9
91 92 93 102 103 104 113 114 115 9
92 93 94 103 104 105 114 115 116 9
93 94 95 104 105 106 115 116 117 9
94 95 96 105 106 107 116 117 118 9
95 96 97 106 107 108 117 118 119 9
96 97 98 107 108 109 118 119 120 9
97 98 108 109 119 120 -1 -1 -1 6
99 100 110 111 121 122 -1 -1 -1 6
99 100 101 110 111 112 121 122 123 9
100 101 102 111 112 113 122 123 124 9
101 102 103 112 113 114 123 124 125 9
102 103 104 113 114 115 124 125 126 9
103 104 105 114 115 116 125 126 127 9
104 105 106 115 116 117 126 127 128 9
105 106 107 116 117 118 127 128 129 9
106 107 108 117 118 119 128 129 130 9
107 108 109 118 119 120 129 130 131 9
108 109 119 120 130 131 -1 -1 -1 6
110 111 121 122 132 133 -1 -1 -1 6
110 111 112 121 122 123 132 133 134 9
111 112 113 122 123 124 133 134 135 9
112 113 114 123 124 125 134 135 136 9
113 114 115 124 125 126 135 136 137 9
114 115 116 125 126 127 136 137 138 9
115 116 117 126 127 128 137 138 139 9
116 117 118 127 128 129 138 139 140 9
117 118 119 128 129 130 139 140 141 9
118 119 120 129 130 131 140 141 142 9
119 120 130 131 141 142 -1 -1 -1 6
121 122 132 133 143 144 -1 -1 -1 6
121 122 123 132 133 134 143 144 145 9
122 123 124 133 134 135 144 145 146 9
123 124 125 134 135 136 145 146 147 9
124 125 126 135 136 137 146 147 148 9
125 126 127 136 137 138 147 148 149 9
126 127 128 137 138 139 148 149 150 9
127 128 129 138 139 140 149 150 151 9
128 129 130 139 140 141 150 151 152 9
129 130 131 140 141 142 151 152 153 9
130 131 141 142 152 153 -1 -1 -1 6
132 133 143 144 154 155 -1 -1 -1 6
132 133 134 143 144 145 154 155 156 9
133 134 135 144 145 146 155 156 157 9
134 135 136 145 146 147 156 157 158 9
135 136 137 146 147 148 157 158 159 9
136 137 138 147 148 149 158 159 160 9
137 138 139 148 149 150 159 160 161 9
138 139 140 149 150 151 160 161 162 9
139 140 141 150 151 152 161 162 163 9
140 141 142 151 152 153 162 163 164 9
141 142 152 153 163 164 -1 -1 -1 6
143 144 154 155 165 166 -1 -1 -1 6
143 144 145 154 155 156 165 166 167 9
144 145 146 155 156 157 166 167 168 9
145 146 147 156 157 158 167 168 169 9
146 147 148 157 158 159 168 169 170 9
147 148 149 158 159 160 169 170 171 9
148 149 150 159 160 161 170 171 172 9
149 150 151 160 161 162 171 172 173 9
150 151 152 161 162 163 172 173 174 9
151 152 153 162 163 164 173 174 175 9
152 153 163 164 174 175 -1 -1 -1 6
154 155 165 166 176 177 -1 -1 -1 6
154 155 156 165 166 167 176 177 178 9
155 156 157 166 167 168 177 178 179 9
156 157 158 167 168 169 178 179 180 9
157 158 159 168 169 170 179 180 181 9
158 159 160 169 170 171 180 181 182 9
159 160 161 170 171 172 181 182 183 9
160 161 162 171 172 173 182 183 184 9
161 162 163 172 173 174 183 184 185 9
162 163 164 173 174 175 184 185 186 9
163 164 174 175 185 186 -1 -1 -1 6
165 166 176 177 187 188 -1 -1 -1 6
165 166 167 176 177 178 187 188 189 9
166 167 168 177 178 179 188 189 190 9
167 168 169 178 179 180 189 190 191 9
168 169 170 179 180 181 190 191 192 9
169 170 171 180 181 182 191 192 193 9
170 171 172 181 182 183 192 193 194 9
171 172 173 182 183 184 193 194 195 9
172 173 174 183 184 185 194 195 196 9
173 174 175 184 185 186 195 196 197 9
174 175 185 186 196 197 -1 -1 -1 6
176 177 187 188 198 199 -1 -1 -1 6
176 177 178 187 188 189 198 199 200 9
177 178 179 188 189 190 199 200 201 9
178 179 180 189 190 191 200 201 202 9
179 180 181 190 191 192 201 202 203 9
180 181 182 191 192 193 202 203 204 9
181 182 183 192 193 194 203 204 205 9
182 183 184 193 194 195 204 205 206 9
183 184 185 194 195 196 205 206 207 9
184 185 186 195 196 197 206 207 208 9
185 186 196 197 207 208 -1 -1 -1 6
187 188 198 199 209 210 -1 -1 -1 6
187 188 189 198 199 200 209 210 211 9
188 189 190 199 200 201 210 211 212 9
189 190 191 200 201 202 211 212 213 9
190 191 192 201 202 203 212 213 214 9
191 192 193 202 203 204 213 214 215 9
192 193 194 203 204 205 214 215 216 9
193 194 195 204 205 206 215 216 217 9
194 195 196 205 206 207 216 217 218 9
195 196 197 206 207 208 217 218 219 9
196 197 207 208 218 219 -1 -1 -1 6
198 199 209 210 220 221 -1 -1 -1 6
198 199 200 209 210 211 220 221 222 9
199 200 201 210 211 212 221 222 223 9
200 201 202 211 212 213 222 223 224 9
201 202 203 212 213 214 223 224 225 9
202 203 204 213 214 215 224 225 226 9
203 204 205 214 215 216 225 226 227 9
204 205 206 215 216 217 226 227 228 9
205 206 207 216 217 218 227 228 229 9
206 207 208 217 218 219 228 229 230 9
207 208 218 219 229 230 -1 -1 -1 6
209 210 220 221 -1 -1 -1 -1 -1 4
209 210 211 220 221 222 -1 -1 -1 6
210 211 212 221 222 223 -1 -1 -1 6
211 212 213 222 223 224 -1 -1 -1 6
212 213 214 223 224 225 -1 -1 -1 6
213 214 215 224 225 226 -1 -1 -1 6
214 215 216 225 226 227 -1 -1 -1 6
215 216 217 226 227 228 -1 -1 -1 6
216 217 218 227 228 229 -1 -1 -1 6
217 218 219 228 229 230 -1 -1 -1 6
218 219 229 230 -1 -1 -1 -1 -1 4
